1.0000	0.0000	0.0000	1.0000	0.9500	-0.95
0.9928	0.0039	0.0033	0.9928	0.9151	-0.9079
0.9876	0.0064	0.006	0.9876	0.86	-0.8476
0.9852	0.0072	0.0076	0.9852	0.8142	-0.7994
0.9817	0.0087	0.0096	0.9817	0.7651	-0.7468
0.978	0.0102	0.0118	0.978	0.6752	-0.6532
0.9713	0.0118	0.0169	0.9713	0.5908	-0.5621
0.9681	0.013	0.0189	0.9681	0.5396	-0.5077
0.9529	0.0138	0.0333	0.9529	0.3904	-0.3433
0.9279	0.0145	0.0576	0.9279	0.2487	-0.1766
0.0500	0.9500	0.0000	1.0000	0.9500	-0.95
0.0595	0.9151	0.0254	0.9928	0.9151	-0.9079
0.0846	0.86	0.0554	0.9876	0.86	-0.8476
0.1028	0.8142	0.083	0.9852	0.8142	-0.7994
0.129	0.7651	0.1059	0.9817	0.7651	-0.7468
0.1959	0.6752	0.1289	0.978	0.6752	-0.6532
0.2617	0.5908	0.1475	0.9713	0.5908	-0.5621
0.3049	0.5396	0.1555	0.9681	0.5396	-0.5077
0.4406	0.3904	0.169	0.9529	0.3904	-0.3433
0.6131	0.2487	0.1382	0.9279	0.2487	-0.1766
